best_params:
  batch_size: 16
  dropout_rate: 0.25234613460714467
  learning_rate: 7.887765706759089e-05
  weight_decay: 0.00419089955855022
best_value: 0.9351807457761833
classifier_type: cnn
metric: matthews_correlation
test_results:
  epoch: 6.0
  eval_accuracy: 0.9483146067415731
  eval_f1_macro: 0.9468258579311115
  eval_loss: 0.31761452555656433
  eval_matthews_correlation: 0.9352747755136216
  eval_precision: 0.9479703395263053
  eval_pred_distribution: '{0: 80, 1: 101, 2: 103, 3: 73, 4: 88}'
  eval_recall: 0.946296222436076
  eval_runtime: 4.1471
  eval_samples_per_second: 107.303
  eval_steps_per_second: 6.752
