best_params:
  batch_size: 16
  dropout_rate: 0.36704744422385516
  learning_rate: 2.7391477250485265e-05
  weight_decay: 0.066616906858184
best_value: 0.8959872829090428
classifier_type: custom
metric: matthews_correlation
test_results:
  epoch: 8.0
  eval_accuracy: 0.9370786516853933
  eval_f1_macro: 0.9355047913031072
  eval_loss: 0.2540748417377472
  eval_matthews_correlation: 0.9211120354486851
  eval_precision: 0.9372689034114204
  eval_pred_distribution: '{0: 77, 1: 106, 2: 103, 3: 75, 4: 84}'
  eval_recall: 0.9341978047151682
  eval_runtime: 4.1462
  eval_samples_per_second: 107.328
  eval_steps_per_second: 6.753
