best_params:
  batch_size: 16
  dropout_rate: 0.2351088037321909
  learning_rate: 2.327729039141457e-05
  num_frequencies: 44
  weight_decay: 0.0043589129987261
best_value: 0.9295458753236346
classifier_type: fourier_kan
metric: matthews_correlation
test_results:
  epoch: 8.0
  eval_accuracy: 0.946067415730337
  eval_f1_macro: 0.944823924855432
  eval_loss: 0.21629078686237335
  eval_matthews_correlation: 0.9323484203046442
  eval_precision: 0.9457856291501614
  eval_pred_distribution: '{0: 79, 1: 105, 2: 102, 3: 76, 4: 83}'
  eval_recall: 0.9440148506767926
  eval_runtime: 4.1368
  eval_samples_per_second: 107.572
  eval_steps_per_second: 6.769
